# Final state angular momentum:   1
# Broadening parameter (in eV):    0.350
# Absorbing atom type (xiabs):   1
# Energy (eV)   sigma
  -10.00000000    0.00021474
   -9.94994995    0.00021643
   -9.89989990    0.00021814
   -9.84984985    0.00021987
   -9.79979980    0.00022163
   -9.74974975    0.00022340
   -9.69969970    0.00022520
   -9.64964965    0.00022702
   -9.59959960    0.00022886
   -9.54954955    0.00023073
   -9.49949950    0.00023262
   -9.44944945    0.00023453
   -9.39939940    0.00023647
   -9.34934935    0.00023843
   -9.29929930    0.00024042
   -9.24924925    0.00024243
   -9.19919920    0.00024447
   -9.14914915    0.00024653
   -9.09909910    0.00024862
   -9.04904905    0.00025074
   -8.99899900    0.00025289
   -8.94894895    0.00025506
   -8.89889890    0.00025727
   -8.84884885    0.00025950
   -8.79879880    0.00026176
   -8.74874875    0.00026405
   -8.69869870    0.00026638
   -8.64864865    0.00026874
   -8.59859860    0.00027112
   -8.54854855    0.00027354
   -8.49849850    0.00027600
   -8.44844845    0.00027849
   -8.39839840    0.00028101
   -8.34834835    0.00028357
   -8.29829830    0.00028616
   -8.24824825    0.00028880
   -8.19819820    0.00029146
   -8.14814815    0.00029417
   -8.09809810    0.00029692
   -8.04804805    0.00029970
   -7.99799800    0.00030253
   -7.94794795    0.00030540
   -7.89789790    0.00030831
   -7.84784785    0.00031126
   -7.79779780    0.00031425
   -7.74774775    0.00031730
   -7.69769770    0.00032038
   -7.64764765    0.00032351
   -7.59759760    0.00032670
   -7.54754755    0.00032992
   -7.49749750    0.00033320
   -7.44744745    0.00033653
   -7.39739740    0.00033991
   -7.34734735    0.00034335
   -7.29729730    0.00034683
   -7.24724725    0.00035038
   -7.19719720    0.00035397
   -7.14714715    0.00035763
   -7.09709710    0.00036135
   -7.04704705    0.00036512
   -6.99699700    0.00036896
   -6.94694695    0.00037286
   -6.89689690    0.00037682
   -6.84684685    0.00038085
   -6.79679680    0.00038494
   -6.74674675    0.00038911
   -6.69669670    0.00039334
   -6.64664665    0.00039765
   -6.59659660    0.00040203
   -6.54654655    0.00040648
   -6.49649650    0.00041101
   -6.44644645    0.00041562
   -6.39639640    0.00042031
   -6.34634635    0.00042509
   -6.29629630    0.00042995
   -6.24624625    0.00043489
   -6.19619620    0.00043992
   -6.14614615    0.00044505
   -6.09609610    0.00045027
   -6.04604605    0.00045558
   -5.99599600    0.00046099
   -5.94594595    0.00046651
   -5.89589590    0.00047212
   -5.84584585    0.00047784
   -5.79579580    0.00048367
   -5.74574575    0.00048961
   -5.69569570    0.00049567
   -5.64564565    0.00050184
   -5.59559560    0.00050813
   -5.54554555    0.00051455
   -5.49549550    0.00052109
   -5.44544545    0.00052777
   -5.39539540    0.00053457
   -5.34534535    0.00054152
   -5.29529530    0.00054861
   -5.24524525    0.00055584
   -5.19519520    0.00056322
   -5.14514515    0.00057076
   -5.09509510    0.00057845
   -5.04504505    0.00058631
   -4.99499499    0.00059434
   -4.94494494    0.00060254
   -4.89489489    0.00061091
   -4.84484484    0.00061947
   -4.79479479    0.00062822
   -4.74474474    0.00063717
   -4.69469469    0.00064631
   -4.64464464    0.00065566
   -4.59459459    0.00066522
   -4.54454454    0.00067501
   -4.49449449    0.00068502
   -4.44444444    0.00069526
   -4.39439439    0.00070575
   -4.34434434    0.00071649
   -4.29429429    0.00072748
   -4.24424424    0.00073874
   -4.19419419    0.00075028
   -4.14414414    0.00076210
   -4.09409409    0.00077422
   -4.04404404    0.00078664
   -3.99399399    0.00079938
   -3.94394394    0.00081244
   -3.89389389    0.00082584
   -3.84384384    0.00083959
   -3.79379379    0.00085371
   -3.74374374    0.00086820
   -3.69369369    0.00088308
   -3.64364364    0.00089837
   -3.59359359    0.00091407
   -3.54354354    0.00093022
   -3.49349349    0.00094681
   -3.44344344    0.00096388
   -3.39339339    0.00098143
   -3.34334334    0.00099950
   -3.29329329    0.00101809
   -3.24324324    0.00103724
   -3.19319319    0.00105696
   -3.14314314    0.00107727
   -3.09309309    0.00109821
   -3.04304304    0.00111980
   -2.99299299    0.00114207
   -2.94294294    0.00116504
   -2.89289289    0.00118875
   -2.84284284    0.00121324
   -2.79279279    0.00123853
   -2.74274274    0.00126466
   -2.69269269    0.00129167
   -2.64264264    0.00131962
   -2.59259259    0.00134852
   -2.54254254    0.00137845
   -2.49249249    0.00140944
   -2.44244244    0.00144155
   -2.39239239    0.00147483
   -2.34234234    0.00150935
   -2.29229229    0.00154517
   -2.24224224    0.00158235
   -2.19219219    0.00162098
   -2.14214214    0.00166112
   -2.09209209    0.00170287
   -2.04204204    0.00174631
   -1.99199199    0.00179153
   -1.94194194    0.00183865
   -1.89189189    0.00188777
   -1.84184184    0.00193901
   -1.79179179    0.00199250
   -1.74174174    0.00204837
   -1.69169169    0.00210679
   -1.64164164    0.00216791
   -1.59159159    0.00223190
   -1.54154154    0.00229895
   -1.49149149    0.00236928
   -1.44144144    0.00244311
   -1.39139139    0.00252067
   -1.34134134    0.00260224
   -1.29129129    0.00268811
   -1.24124124    0.00277860
   -1.19119119    0.00287406
   -1.14114114    0.00297486
   -1.09109109    0.00308144
   -1.04104104    0.00319426
   -0.99099099    0.00331384
   -0.94094094    0.00344074
   -0.89089089    0.00357560
   -0.84084084    0.00371912
   -0.79079079    0.00387210
   -0.74074074    0.00403540
   -0.69069069    0.00421001
   -0.64064064    0.00439704
   -0.59059059    0.00459773
   -0.54054054    0.00481350
   -0.49049049    0.00504594
   -0.44044044    0.00529687
   -0.39039039    0.00556836
   -0.34034034    0.00586278
   -0.29029029    0.00618282
   -0.24024024    0.00653159
   -0.19019019    0.00691264
   -0.14014014    0.00733004
   -0.09009009    0.00778419
   -0.04004004    0.00826973
    0.01001001    0.00881826
    0.06006006    0.00944506
    0.11011011    0.01015661
    0.16016016    0.01092456
    0.21021021    0.01178625
    0.26026026    0.01275772
    0.31031031    0.01385836
    0.36036036    0.01511165
    0.41041041    0.01654611
    0.46046046    0.01819650
    0.51051051    0.02010527
    0.56056056    0.02232420
    0.61061061    0.02491616
    0.66066066    0.02795671
    0.71071071    0.03153485
    0.76076076    0.03575161
    0.81081081    0.04071391
    0.86086086    0.04651930
    0.91091091    0.05322474
    0.96096096    0.06079092
    1.01101101    0.06899766
    1.06106106    0.07734407
    1.11111111    0.08498842
    1.16116116    0.09082990
    1.21121121    0.09381331
    1.26126126    0.09337185
    1.31131131    0.08971587
    1.36136136    0.08372568
    1.41141141    0.07654242
    1.46146146    0.06917085
    1.51151151    0.06229256
    1.56156156    0.05627133
    1.61161161    0.05124405
    1.66166166    0.04721690
    1.71171171    0.04413614
    1.76176176    0.04193117
    1.81181181    0.04053791
    1.86186186    0.03990979
    1.91191191    0.04002215
    1.96196196    0.04087249
    2.01201201    0.04247763
    2.06206206    0.04486670
    2.11211211    0.04806742
    2.16216216    0.05208133
    2.21221221    0.05684350
    2.26226226    0.06216645
    2.31231231    0.06768163
    2.36236236    0.07281788
    2.41241241    0.07687676
    2.46246246    0.07923582
    2.51251251    0.07960569
    2.56256256    0.07816959
    2.61261261    0.07549297
    2.66266266    0.07227686
    2.71271271    0.06912513
    2.76276276    0.06642474
    2.81281281    0.06432696
    2.86286286    0.06277719
    2.91291291    0.06155986
    2.96296296    0.06035664
    3.01301301    0.05882856
    3.06306306    0.05671720
    3.11311311    0.05392824
    3.16316316    0.05055176
    3.21321321    0.04680809
    3.26326326    0.04295737
    3.31331331    0.03922419
    3.36336336    0.03576233
    3.41341341    0.03265419
    3.46346346    0.02992753
    3.51351351    0.02757542
    3.56356356    0.02557250
    3.61361361    0.02388608
    3.66366366    0.02248279
    3.71371371    0.02133220
    3.76376376    0.02040851
    3.81381381    0.01969124
    3.86386386    0.01916539
    3.91391391    0.01882136
    3.96396396    0.01865485
    4.01401401    0.01866681
    4.06406406    0.01886350
    4.11411411    0.01925666
    4.16416416    0.01986367
    4.21421421    0.02070777
    4.26426426    0.02181788
    4.31431431    0.02322772
    4.36436436    0.02497334
    4.41441441    0.02708772
    4.46446446    0.02959048
    4.51451451    0.03247018
    4.56456456    0.03565761
    4.61461461    0.03899272
    4.66466466    0.04219760
    4.71471471    0.04488188
    4.76476476    0.04661148
    4.81481481    0.04704273
    4.86486486    0.04606267
    4.91491491    0.04384086
    4.96496496    0.04075258
    5.01501502    0.03723182
    5.06506507    0.03364792
    5.11511512    0.03025178
    5.16516517    0.02718001
    5.21521522    0.02448510
    5.26526527    0.02216789
    5.31531532    0.02020240
    5.36536537    0.01855169
    5.41541542    0.01717682
    5.46546547    0.01604126
    5.51551552    0.01511263
    5.56556557    0.01436294
    5.61561562    0.01376811
    5.66566567    0.01330709
    5.71571572    0.01296083
    5.76576577    0.01271131
    5.81581582    0.01254057
    5.86586587    0.01243021
    5.91591592    0.01236125
    5.96596597    0.01231483
    6.01601602    0.01227342
    6.06606607    0.01222265
    6.11611612    0.01215302
    6.16616617    0.01206109
    6.21621622    0.01194948
    6.26626627    0.01182600
    6.31631632    0.01170188
    6.36636637    0.01158992
    6.41641642    0.01150294
    6.46646647    0.01145268
    6.51651652    0.01144936
    6.56656657    0.01150153
    6.61661662    0.01161617
    6.66666667    0.01179879
    6.71671672    0.01205345
    6.76676677    0.01238250
    6.81681682    0.01278607
    6.86686687    0.01326124
    6.91691692    0.01380082
    6.96696697    0.01439199
    7.01701702    0.01501506
    7.06706707    0.01564274
    7.11711712    0.01624072
    7.16716717    0.01677006
    7.21721722    0.01719179
    7.26726727    0.01747291
    7.31731732    0.01759259
    7.36736737    0.01754619
    7.41741742    0.01734597
    7.46746747    0.01701808
    7.51751752    0.01659705
    7.56756757    0.01611982
    7.61761762    0.01562082
    7.66766767    0.01512893
    7.71771772    0.01466623
    7.76776777    0.01424815
    7.81781782    0.01388432
    7.86786787    0.01357974
    7.91791792    0.01333584
    7.96796797    0.01315137
    8.01801802    0.01302314
    8.06806807    0.01294644
    8.11811812    0.01291541
    8.16816817    0.01292329
    8.21821822    0.01296268
    8.26826827    0.01302579
    8.31831832    0.01310481
    8.36836837    0.01319235
    8.41841842    0.01328189
    8.46846847    0.01336826
    8.51851852    0.01344804
    8.56856857    0.01351969
    8.61861862    0.01358359
    8.66866867    0.01364175
    8.71871872    0.01369735
    8.76876877    0.01375413
    8.81881882    0.01381573
    8.86886887    0.01388504
    8.91891892    0.01396353
    8.96896897    0.01405079
    9.01901902    0.01414405
    9.06906907    0.01423795
    9.11911912    0.01432455
    9.16916917    0.01439357
    9.21921922    0.01443316
    9.26926927    0.01443095
    9.31931932    0.01437560
    9.36936937    0.01425845
    9.41941942    0.01407495
    9.46946947    0.01382563
    9.51951952    0.01351621
    9.56956957    0.01315695
    9.61961962    0.01276118
    9.66966967    0.01234373
    9.71971972    0.01191926
    9.76976977    0.01150108
    9.81981982    0.01110034
    9.86986987    0.01072572
    9.91991992    0.01038350
    9.96996997    0.01007776
   10.02002002    0.00981076
   10.07007007    0.00958334
   10.12012012    0.00939517
   10.17017017    0.00924513
   10.22022022    0.00913147
   10.27027027    0.00905200
   10.32032032    0.00900424
   10.37037037    0.00898551
   10.42042042    0.00899309
   10.47047047    0.00902430
   10.52052052    0.00907670
   10.57057057    0.00914822
   10.62062062    0.00923733
   10.67067067    0.00934320
   10.72072072    0.00946579
   10.77077077    0.00960590
   10.82082082    0.00976515
   10.87087087    0.00994585
   10.92092092    0.01015082
   10.97097097    0.01038314
   11.02102102    0.01064582
   11.07107107    0.01094137
   11.12112112    0.01127137
   11.17117117    0.01163587
   11.22122122    0.01203275
   11.27127127    0.01245695
   11.32132132    0.01289978
   11.37137137    0.01334832
   11.42142142    0.01378523
   11.47147147    0.01418923
   11.52152152    0.01453646
   11.57157157    0.01480299
   11.62162162    0.01496804
   11.67167167    0.01501744
   11.72172172    0.01494631
   11.77177177    0.01476019
   11.82182182    0.01447417
   11.87187187    0.01411036
   11.92192192    0.01369446
   11.97197197    0.01325237
   12.02202202    0.01280759
   12.07207207    0.01237970
   12.12212212    0.01198373
   12.17217217    0.01163038
   12.22222222    0.01132654
   12.27227227    0.01107604
   12.32232232    0.01088029
   12.37237237    0.01073891
   12.42242242    0.01065008
   12.47247247    0.01061083
   12.52252252    0.01061722
   12.57257257    0.01066437
   12.62262262    0.01074651
   12.67267267    0.01085704
   12.72272272    0.01098864
   12.77277277    0.01113350
   12.82282282    0.01128361
   12.87287287    0.01143124
   12.92292292    0.01156943
   12.97297297    0.01169246
   13.02302302    0.01179623
   13.07307307    0.01187847
   13.12312312    0.01193867
   13.17317317    0.01197787
   13.22322322    0.01199822
   13.27327327    0.01200241
   13.32332332    0.01199321
   13.37337337    0.01197285
   13.42342342    0.01194270
   13.47347347    0.01190295
   13.52352352    0.01185252
   13.57357357    0.01178912
   13.62362362    0.01170950
   13.67367367    0.01160991
   13.72372372    0.01148664
   13.77377377    0.01133664
   13.82382382    0.01115810
   13.87387387    0.01095087
   13.92392392    0.01071663
   13.97397397    0.01045886
   14.02402402    0.01018249
   14.07407407    0.00989346
   14.12412412    0.00959817
   14.17417417    0.00930296
   14.22422422    0.00901373
   14.27427427    0.00873562
   14.32432432    0.00847287
   14.37437437    0.00822873
   14.42442442    0.00800555
   14.47447447    0.00780482
   14.52452452    0.00762729
   14.57457457    0.00747314
   14.62462462    0.00734204
   14.67467467    0.00723332
   14.72472472    0.00714601
   14.77477477    0.00707899
   14.82482482    0.00703100
   14.87487487    0.00700076
   14.92492492    0.00698700
   14.97497497    0.00698852
   15.02502503    0.00700420
   15.07507508    0.00703310
   15.12512513    0.00707439
   15.17517518    0.00712742
   15.22522523    0.00719167
   15.27527528    0.00726673
   15.32532533    0.00735225
   15.37537538    0.00744790
   15.42542543    0.00755325
   15.47547548    0.00766775
   15.52552553    0.00779060
   15.57557558    0.00792067
   15.62562563    0.00805639
   15.67567568    0.00819568
   15.72572573    0.00833589
   15.77577578    0.00847372
   15.82582583    0.00860536
   15.87587588    0.00872647
   15.92592593    0.00883248
   15.97597598    0.00891884
   16.02602603    0.00898137
   16.07607608    0.00901669
   16.12612613    0.00902254
   16.17617618    0.00899805
   16.22622623    0.00894388
   16.27627628    0.00886213
   16.32632633    0.00875616
   16.37637638    0.00863022
   16.42642643    0.00848905
   16.47647648    0.00833748
   16.52652653    0.00818009
   16.57657658    0.00802093
   16.62662663    0.00786335
   16.67667668    0.00770990
   16.72672673    0.00756234
   16.77677678    0.00742167
   16.82682683    0.00728821
   16.87687688    0.00716174
   16.92692693    0.00704162
   16.97697698    0.00692693
   17.02702703    0.00681662
   17.07707708    0.00670964
   17.12712713    0.00660507
   17.17717718    0.00650218
   17.22722723    0.00640057
   17.27727728    0.00630011
   17.32732733    0.00620100
   17.37737738    0.00610374
   17.42742743    0.00600902
   17.47747748    0.00591770
   17.52752753    0.00583069
   17.57757758    0.00574891
   17.62762763    0.00567319
   17.67767768    0.00560421
   17.72772773    0.00554246
   17.77777778    0.00548817
   17.82782783    0.00544130
   17.87787788    0.00540148
   17.92792793    0.00536802
   17.97797798    0.00533986
   18.02802803    0.00531560
   18.07807808    0.00529354
   18.12812813    0.00527171
   18.17817818    0.00524797
   18.22822823    0.00522013
   18.27827828    0.00518609
   18.32832833    0.00514399
   18.37837838    0.00509240
   18.42842843    0.00503040
   18.47847848    0.00495768
   18.52852853    0.00487457
   18.57857858    0.00478200
   18.62862863    0.00468143
   18.67867868    0.00457466
   18.72872873    0.00446373
   18.77877878    0.00435073
   18.82882883    0.00423767
   18.87887888    0.00412637
   18.92892893    0.00401838
   18.97897898    0.00391496
   19.02902903    0.00381703
   19.07907908    0.00372520
   19.12912913    0.00363979
   19.17917918    0.00356088
   19.22922923    0.00348832
   19.27927928    0.00342177
   19.32932933    0.00336077
   19.37937938    0.00330476
   19.42942943    0.00325312
   19.47947948    0.00320520
   19.52952953    0.00316039
   19.57957958    0.00311813
   19.62962963    0.00307792
   19.67967968    0.00303938
   19.72972973    0.00300224
   19.77977978    0.00296637
   19.82982983    0.00293175
   19.87987988    0.00289848
   19.92992993    0.00286675
   19.97997998    0.00283683
   20.03003003    0.00280905
   20.08008008    0.00278377
   20.13013013    0.00276132
   20.18018018    0.00274204
   20.23023023    0.00272620
   20.28028028    0.00271401
   20.33033033    0.00270560
   20.38038038    0.00270097
   20.43043043    0.00270001
   20.48048048    0.00270245
   20.53053053    0.00270788
   20.58058058    0.00271571
   20.63063063    0.00272520
   20.68068068    0.00273542
   20.73073073    0.00274533
   20.78078078    0.00275376
   20.83083083    0.00275948
   20.88088088    0.00276128
   20.93093093    0.00275804
   20.98098098    0.00274879
   21.03103103    0.00273281
   21.08108108    0.00270968
   21.13113113    0.00267933
   21.18118118    0.00264204
   21.23123123    0.00259837
   21.28128128    0.00254919
   21.33133133    0.00249554
   21.38138138    0.00243856
   21.43143143    0.00237944
   21.48148148    0.00231932
   21.53153153    0.00225922
   21.58158158    0.00220007
   21.63163163    0.00214259
   21.68168168    0.00208739
   21.73173173    0.00203490
   21.78178178    0.00198540
   21.83183183    0.00193908
   21.88188188    0.00189598
   21.93193193    0.00185610
   21.98198198    0.00181932
   22.03203203    0.00178551
   22.08208208    0.00175445
   22.13213213    0.00172592
   22.18218218    0.00169965
   22.23223223    0.00167537
   22.28228228    0.00165278
   22.33233233    0.00163159
   22.38238238    0.00161148
   22.43243243    0.00159218
   22.48248248    0.00157341
   22.53253253    0.00155491
   22.58258258    0.00153644
   22.63263263    0.00151783
   22.68268268    0.00149890
   22.73273273    0.00147954
   22.78278278    0.00145967
   22.83283283    0.00143925
   22.88288288    0.00141828
   22.93293293    0.00139677
   22.98298298    0.00137479
   23.03303303    0.00135243
   23.08308308    0.00132978
   23.13313313    0.00130695
   23.18318318    0.00128409
   23.23323323    0.00126132
   23.28328328    0.00123877
   23.33333333    0.00121658
   23.38338338    0.00119486
   23.43343343    0.00117372
   23.48348348    0.00115326
   23.53353353    0.00113355
   23.58358358    0.00111466
   23.63363363    0.00109661
   23.68368368    0.00107942
   23.73373373    0.00106311
   23.78378378    0.00104766
   23.83383383    0.00103304
   23.88388388    0.00101922
   23.93393393    0.00100615
   23.98398398    0.00099377
   24.03403403    0.00098203
   24.08408408    0.00097087
   24.13413413    0.00096023
   24.18418418    0.00095003
   24.23423423    0.00094023
   24.28428428    0.00093076
   24.33433433    0.00092156
   24.38438438    0.00091259
   24.43443443    0.00090381
   24.48448448    0.00089518
   24.53453453    0.00088667
   24.58458458    0.00087827
   24.63463463    0.00086995
   24.68468468    0.00086171
   24.73473473    0.00085356
   24.78478478    0.00084551
   24.83483483    0.00083755
   24.88488488    0.00082971
   24.93493493    0.00082199
   24.98498498    0.00081440
   25.03503504    0.00080695
   25.08508509    0.00079965
   25.13513514    0.00079248
   25.18518519    0.00078545
   25.23523524    0.00077852
   25.28528529    0.00077169
   25.33533534    0.00076492
   25.38538539    0.00075817
   25.43543544    0.00075141
   25.48548549    0.00074460
   25.53553554    0.00073769
   25.58558559    0.00073065
   25.63563564    0.00072345
   25.68568569    0.00071605
   25.73573574    0.00070845
   25.78578579    0.00070063
   25.83583584    0.00069260
   25.88588589    0.00068438
   25.93593594    0.00067598
   25.98598599    0.00066746
   26.03603604    0.00065884
   26.08608609    0.00065018
   26.13613614    0.00064153
   26.18618619    0.00063295
   26.23623624    0.00062448
   26.28628629    0.00061618
   26.33633634    0.00060808
   26.38638639    0.00060022
   26.43643644    0.00059263
   26.48648649    0.00058534
   26.53653654    0.00057835
   26.58658659    0.00057168
   26.63663664    0.00056532
   26.68668669    0.00055926
   26.73673674    0.00055349
   26.78678679    0.00054798
   26.83683684    0.00054270
   26.88688689    0.00053764
   26.93693694    0.00053273
   26.98698699    0.00052796
   27.03703704    0.00052328
   27.08708709    0.00051866
   27.13713714    0.00051405
   27.18718719    0.00050943
   27.23723724    0.00050477
   27.28728729    0.00050006
   27.33733734    0.00049527
   27.38738739    0.00049041
   27.43743744    0.00048548
   27.48748749    0.00048047
   27.53753754    0.00047541
   27.58758759    0.00047030
   27.63763764    0.00046517
   27.68768769    0.00046004
   27.73773774    0.00045493
   27.78778779    0.00044986
   27.83783784    0.00044485
   27.88788789    0.00043992
   27.93793794    0.00043508
   27.98798799    0.00043034
   28.03803804    0.00042571
   28.08808809    0.00042119
   28.13813814    0.00041679
   28.18818819    0.00041250
   28.23823824    0.00040832
   28.28828829    0.00040423
   28.33833834    0.00040022
   28.38838839    0.00039629
   28.43843844    0.00039242
   28.48848849    0.00038859
   28.53853854    0.00038481
   28.58858859    0.00038105
   28.63863864    0.00037732
   28.68868869    0.00037360
   28.73873874    0.00036989
   28.78878879    0.00036621
   28.83883884    0.00036254
   28.88888889    0.00035889
   28.93893894    0.00035527
   28.98898899    0.00035168
   29.03903904    0.00034813
   29.08908909    0.00034463
   29.13913914    0.00034117
   29.18918919    0.00033776
   29.23923924    0.00033441
   29.28928929    0.00033111
   29.33933934    0.00032787
   29.38938939    0.00032467
   29.43943944    0.00032153
   29.48948949    0.00031842
   29.53953954    0.00031535
   29.58958959    0.00031232
   29.63963964    0.00030930
   29.68968969    0.00030630
   29.73973974    0.00030330
   29.78978979    0.00030029
   29.83983984    0.00029727
   29.88988989    0.00029424
   29.93993994    0.00029118
   29.98998999    0.00028809
   30.04004004    0.00028496
   30.09009009    0.00028181
   30.14014014    0.00027863
   30.19019019    0.00027543
   30.24024024    0.00027221
   30.29029029    0.00026898
   30.34034034    0.00026574
   30.39039039    0.00026252
   30.44044044    0.00025931
   30.49049049    0.00025612
   30.54054054    0.00025296
   30.59059059    0.00024984
   30.64064064    0.00024676
   30.69069069    0.00024373
   30.74074074    0.00024075
   30.79079079    0.00023783
   30.84084084    0.00023495
   30.89089089    0.00023213
   30.94094094    0.00022936
   30.99099099    0.00022663
   31.04104104    0.00022396
   31.09109109    0.00022133
   31.14114114    0.00021873
   31.19119119    0.00021618
   31.24124124    0.00021366
   31.29129129    0.00021116
   31.34134134    0.00020870
   31.39139139    0.00020626
   31.44144144    0.00020383
   31.49149149    0.00020143
   31.54154154    0.00019904
   31.59159159    0.00019668
   31.64164164    0.00019432
   31.69169169    0.00019199
   31.74174174    0.00018967
   31.79179179    0.00018738
   31.84184184    0.00018510
   31.89189189    0.00018285
   31.94194194    0.00018063
   31.99199199    0.00017845
   32.04204204    0.00017629
   32.09209209    0.00017418
   32.14214214    0.00017210
   32.19219219    0.00017007
   32.24224224    0.00016809
   32.29229229    0.00016616
   32.34234234    0.00016427
   32.39239239    0.00016244
   32.44244244    0.00016066
   32.49249249    0.00015894
   32.54254254    0.00015727
   32.59259259    0.00015566
   32.64264264    0.00015411
   32.69269269    0.00015262
   32.74274274    0.00015118
   32.79279279    0.00014981
   32.84284284    0.00014849
   32.89289289    0.00014723
   32.94294294    0.00014603
   32.99299299    0.00014489
   33.04304304    0.00014381
   33.09309309    0.00014279
   33.14314314    0.00014182
   33.19319319    0.00014091
   33.24324324    0.00014006
   33.29329329    0.00013926
   33.34334334    0.00013851
   33.39339339    0.00013782
   33.44344344    0.00013717
   33.49349349    0.00013658
   33.54354354    0.00013603
   33.59359359    0.00013553
   33.64364364    0.00013507
   33.69369369    0.00013466
   33.74374374    0.00013429
   33.79379379    0.00013396
   33.84384384    0.00013366
   33.89389389    0.00013340
   33.94394394    0.00013317
   33.99399399    0.00013298
   34.04404404    0.00013281
   34.09409409    0.00013267
   34.14414414    0.00013255
   34.19419419    0.00013246
   34.24424424    0.00013238
   34.29429429    0.00013233
   34.34434434    0.00013229
   34.39439439    0.00013227
   34.44444444    0.00013226
   34.49449449    0.00013227
   34.54454454    0.00013229
   34.59459459    0.00013232
   34.64464464    0.00013236
   34.69469469    0.00013242
   34.74474474    0.00013249
   34.79479479    0.00013257
   34.84484484    0.00013266
   34.89489489    0.00013277
   34.94494494    0.00013289
   34.99499499    0.00013303
   35.04504505    0.00013318
   35.09509510    0.00013336
   35.14514515    0.00013355
   35.19519520    0.00013377
   35.24524525    0.00013401
   35.29529530    0.00013427
   35.34534535    0.00013455
   35.39539540    0.00013486
   35.44544545    0.00013519
   35.49549550    0.00013555
   35.54554555    0.00013593
   35.59559560    0.00013634
   35.64564565    0.00013677
   35.69569570    0.00013722
   35.74574575    0.00013770
   35.79579580    0.00013820
   35.84584585    0.00013872
   35.89589590    0.00013927
   35.94594595    0.00013984
   35.99599600    0.00014043
   36.04604605    0.00014104
   36.09609610    0.00014168
   36.14614615    0.00014234
   36.19619620    0.00014303
   36.24624625    0.00014375
   36.29629630    0.00014450
   36.34634635    0.00014528
   36.39639640    0.00014610
   36.44644645    0.00014696
   36.49649650    0.00014786
   36.54654655    0.00014880
   36.59659660    0.00014980
   36.64664665    0.00015084
   36.69669670    0.00015194
   36.74674675    0.00015309
   36.79679680    0.00015430
   36.84684685    0.00015557
   36.89689690    0.00015689
   36.94694695    0.00015827
   36.99699700    0.00015971
   37.04704705    0.00016120
   37.09709710    0.00016274
   37.14714715    0.00016433
   37.19719720    0.00016596
   37.24724725    0.00016763
   37.29729730    0.00016933
   37.34734735    0.00017106
   37.39739740    0.00017280
   37.44744745    0.00017456
   37.49749750    0.00017632
   37.54754755    0.00017809
   37.59759760    0.00017984
   37.64764765    0.00018159
   37.69769770    0.00018332
   37.74774775    0.00018503
   37.79779780    0.00018672
   37.84784785    0.00018840
   37.89789790    0.00019006
   37.94794795    0.00019170
   37.99799800    0.00019334
   38.04804805    0.00019497
   38.09809810    0.00019659
   38.14814815    0.00019823
   38.19819820    0.00019988
   38.24824825    0.00020155
   38.29829830    0.00020324
   38.34834835    0.00020496
   38.39839840    0.00020673
   38.44844845    0.00020853
   38.49849850    0.00021037
   38.54854855    0.00021226
   38.59859860    0.00021419
   38.64864865    0.00021617
   38.69869870    0.00021819
   38.74874875    0.00022025
   38.79879880    0.00022234
   38.84884885    0.00022445
   38.89889890    0.00022658
   38.94894895    0.00022872
   38.99899900    0.00023087
   39.04904905    0.00023300
   39.09909910    0.00023512
   39.14914915    0.00023722
   39.19919920    0.00023928
   39.24924925    0.00024131
   39.29929930    0.00024329
   39.34934935    0.00024523
   39.39939940    0.00024713
   39.44944945    0.00024898
   39.49949950    0.00025080
   39.54954955    0.00025258
   39.59959960    0.00025434
   39.64964965    0.00025608
   39.69969970    0.00025781
   39.74974975    0.00025955
   39.79979980    0.00026129
   39.84984985    0.00026305
   39.89989990    0.00026484
   39.94994995    0.00026667
   40.00000000    0.00026854
